0000010001100000
0000000101100000
0000010001100001
0000101011100001
0000010001100010
0000101011100010
0000010001100011
0000101011100011
0000010001100100
0000101011100100
0000010001100101
0000101011100101
0001010100100101
0001101100100101
0010010100100101
0010101100100101
0011010100100101
0011101100100101
0100010100100101
0100101100100101
0101010001000010
0101000101000010
0110000101000010
0110000001000010
0111010100100101
0111101100100101
1000010100000101
1000101100000011
1001010100000101
1001101100000011